0 1
1 2
2 3
4 5
6 7
7 8
8 9
9 10
10 11
11 12
13 14
14 15
15 16
16 17
17 18
3 23
4 24
5 25
6 26
9 29
13 33
17 37
18 38
19 39
20 21
21 22
23 24
26 27
27 28
30 31
31 32
32 33
34 35
35 36
21 41
22 42
25 45
28 48
30 50
36 56
37 57
38 58
39 59
40 41
42 43
43 44
45 46
46 47
48 49
50 51
52 53
53 54
54 55
55 56
58 59
40 60
42 62
47 67
49 69
51 71
52 72
53 73
57 77
63 64
64 65
65 66
67 68
69 70
70 71
71 72
74 75
75 76
76 77
78 79
60 80
61 81
62 82
63 83
65 85
68 88
73 93
74 94
78 98
79 99
81 82
85 86
86 87
88 89
89 90
91 92
94 95
95 96
96 97
97 98
80 100
83 103
84 104
86 106
90 110
91 111
92 112
93 113
99 119
100 101
101 102
102 103
103 104
104 105
106 107
107 108
108 109
110 111
114 115
115 116
117 118
100 120
107 127
108 128
112 132
114 134
116 136
117 137
118 138
119 139
120 121
122 123
123 124
124 125
125 126
128 129
129 130
130 131
132 133
133 134
135 136
120 140
122 142
126 146
129 149
135 155
137 157
138 158
139 159
141 142
143 144
145 146
147 148
149 150
150 151
151 152
152 153
153 154
156 157
158 159
140 160
141 161
144 164
145 165
147 167
148 168
149 169
152 172
154 174
155 175
156 176
159 179
161 162
162 163
164 165
166 167
169 170
173 174
175 176
178 179
160 180
163 183
164 184
166 186
167 187
168 188
170 190
171 191
172 192
173 193
177 197
178 198
181 182
185 186
188 189
190 191
193 194
194 195
196 197
180 200
181 201
182 202
183 203
184 204
187 207
189 209
192 212
195 215
197 217
198 218
199 219
200 201
205 206
208 209
209 210
210 211
213 214
214 215
215 216
216 217
203 223
204 224
205 225
206 226
207 227
208 228
211 231
212 232
214 234
217 237
218 238
219 239
220 221
221 222
222 223
224 225
226 227
229 230
232 233
235 236
220 240
228 248
229 249
230 250
231 251
233 253
235 255
236 256
238 258
239 259
240 241
241 242
243 244
244 245
246 247
251 252
253 254
256 257
257 258
240 260
242 262
244 264
245 265
246 266
247 267
248 268
249 269
250 270
252 272
254 274
255 275
259 279
260 261
262 263
265 266
267 268
271 272
272 273
273 274
275 276
276 277
278 279
261 281
263 283
266 286
269 289
270 290
274 294
277 297
278 298
279 299
281 282
283 284
284 285
287 288
288 289
290 291
291 292
292 293
294 295
295 296
297 298
280 300
282 302
285 305
286 306
287 307
293 313
296 316
299 319
300 301
301 302
302 303
304 305
308 309
309 310
312 313
314 315
315 316
317 318
318 319
300 320
303 323
304 324
307 327
309 329
310 330
311 331
312 332
314 334
317 337
321 322
324 325
325 326
326 327
327 328
328 329
330 331
333 334
334 335
335 336
338 339
321 341
322 342
326 346
331 351
332 352
337 357
339 359
340 341
342 343
343 344
344 345
347 348
348 349
350 351
352 353
353 354
354 355
356 357
358 359
340 360
345 365
346 366
347 367
349 369
351 371
355 375
356 376
358 378
359 379
362 363
363 364
364 365
367 368
369 370
372 373
373 374
374 375
377 378
360 380
361 381
362 382
365 385
366 386
368 388
370 390
372 392
376 396
377 397
379 399
381 382
383 384
387 388
391 392
393 394
394 395
395 396
398 399
380 400
383 403
384 404
385 405
387 407
389 409
390 410
391 411
392 412
393 413
397 417
398 418
400 401
401 402
402 403
405 406
406 407
408 409
410 411
414 415
415 416
418 419
404 424
405 425
408 428
412 432
413 433
414 434
416 436
417 437
419 439
420 421
422 423
423 424
426 427
428 429
429 430
430 431
431 432
420 440
421 441
422 442
424 444
426 446
427 447
428 448
433 453
434 454
435 455
436 456
437 457
438 458
439 459
441 442
443 444
445 446
448 449
450 451
451 452
453 454
455 456
458 459
440 460
445 465
447 467
450 470
452 472
455 475
457 477
458 478
460 461
461 462
462 463
463 464
467 468
468 469
469 470
472 473
473 474
476 477
460 480
464 484
465 485
466 486
471 491
473 493
475 495
476 496
478 498
479 499
480 481
482 483
484 485
486 487
488 489
489 490
490 491
491 492
493 494
494 495
496 497
481 501
482 502
486 506
487 507
488 508
492 512
497 517
498 518
499 519
502 503
503 504
504 505
508 509
509 510
510 511
512 513
514 515
515 516
516 517
500 520
501 521
504 524
505 525
506 526
507 527
508 528
511 531
513 533
514 534
518 538
519 539
521 522
522 523
523 524
525 526
529 530
530 531
534 535
535 536
537 538
538 539
520 540
527 547
528 548
529 549
532 552
533 553
536 556
537 557
540 541
541 542
542 543
544 545
545 546
549 550
550 551
553 554
555 556
558 559
540 560
542 562
543 563
544 564
546 566
547 567
548 568
551 571
552 572
554 574
555 575
558 578
559 579
564 565
566 567
569 570
572 573
573 574
574 575
576 577
577 578
560 580
561 581
562 582
563 583
565 585
568 588
570 590
571 591
576 596
579 599
580 581
583 584
585 586
587 588
588 589
592 593
593 594
595 596
597 598
581 601
582 602
584 604
586 606
589 609
590 610
591 611
592 612
594 614
595 615
597 617
598 618
599 619
600 601
604 605
606 607
609 610
614 615
600 620
602 622
603 623
605 625
607 627
608 628
610 630
611 631
612 632
613 633
616 636
617 637
618 638
619 639
621 622
623 624
624 625
628 629
629 630
631 632
633 634
634 635
635 636
620 640
621 641
625 645
626 646
627 647
630 650
633 653
635 655
637 657
638 658
639 659
641 642
642 643
643 644
648 649
650 651
651 652
654 655
656 657
658 659
640 660
644 664
645 665
646 666
647 667
648 668
649 669
652 672
653 673
656 676
659 679
660 661
661 662
662 663
665 666
669 670
670 671
672 673
674 675
677 678
663 683
664 684
667 687
668 688
671 691
674 694
675 695
676 696
677 697
679 699
680 681
681 682
682 683
684 685
685 686
686 687
687 688
689 690
690 691
691 692
692 693
693 694
695 696
697 698
698 699
